Peptides, PeptideUnique, RateConstants, Correlations, RootMeanRSS, AbsoluteIsotopeError, Charge, m/z(Sequence), NEH, Aboundance, NDP, Rsquared,sigma
ALVILAK, Yes, 0.10772, 0.984622, 0.015789, 0.032554,  2,   364.25745,  11, 326228480.000000, 12.000000, 0.959370, 0.008154
APLVLKD, Yes, 0.13818, 0.990101, 0.012745, 0.028575,  2,   378.23672,  10, 294428576.000000, 12.000000, 0.969037, 0.009954
VEKDGLILTSR, Yes, 0.15702, 0.967371, 0.027997, 0.113905,  3,   410.90659,  17, 18127362.000000, 12.000000, 0.917614, 0.020480
VTVAGLAGKDPVQc, Yes, 0.15312, 0.968759, 0.035257, 0.154874,  2,   707.87158,  25, 6936474.500000, 12.000000, 0.817082, 0.029843
MMNGSHYSYSESR, Yes, 0.10987, 0.965903, 0.027236, 0.083617,  2,   774.81390,  27, 17778500.000000, 12.000000, 0.915558, 0.012491
MMNGSHYSYSESR, Yes, 0.09279, 0.982143, 0.016221, 0.045484,  3,   516.87836,  27, 58246144.000000, 9.000000, 0.959388, 0.006983
DVMIcPDTSLEDAK, Yes, 0.17905, 0.997988, 0.006196, 0.025854,  2,   797.36035,  24, 64318000.000000, 12.000000, 0.994440, 0.005631
GPGTSFEFALAIVEALVGK, Yes, 0.13395, 0.944192, 0.029018, 0.154795,  2,   953.51965,  35, 4618475.000000, 12.000000, 0.868985, 0.019776
GPGTSFEFALAIVEALVGK, Yes, 0.19830, 0.973036, 0.021370, 0.085013,  3,   636.01550,  35, 9612555.000000, 12.000000, 0.925093, 0.020842
GLIAAIcAGPTALLAHEVGFGcK, Yes, 0.32295, 0.993449, 0.010199, 0.141884,  3,   776.07306,  46, 24355056.000000, 12.000000, 0.929837, 0.033333
TQGPYDVVVLPGGNLGAQNLSESPMVK, Yes, 0.14778, 0.996592, 0.006346, 0.040230,  3,   924.14087,  49, 48574380.000000, 12.000000, 0.986051, 0.006621
VTVAGLAGK, Yes, 0.11246, 0.989550, 0.015749, 0.044042,  2,   408.25290,  14, 191846960.000000, 12.000000, 0.970007, 0.007394


MeanRateConst/CorrCutOff, 0.133193, 0.900000


MedianRateConst/RMSSCutOff, 0.138181, 0.050000
StandDev/NumberPeptides, 0.027000, 10
TotalIonCurrent, 2.27398e+10
