Peptides, PeptideUnique, RateConstants, Correlations, RootMeanRSS, AbsoluteIsotopeError, Charge, m/z(Sequence), NEH, Aboundance, NDP, Rsquared,sigma
KGVAINFVTEEDKR, Yes, 0.72467, 0.957965, 0.032816, 0.086496,  3,   535.95801,  24, 9757479.000000, 11.000000, 0.291792, 0.288877
VLITTDLLAR, Yes, 0.23961, 1.000000, 0.007153, 0.354211,  2,   557.84515,  13, 48018740.000000, 2.000000, 0.976774, 0.014941
MFVLDEADEMLSR, Yes, 0.15899, -2.000000, 0.000018, 0.409380,  2,   778.36017,  26, 6306256.500000, 1.000000, 0.000000, 0.004189
GIDVQQVSLVINYDLPTNR, Yes, 0.02029, 1.000000, 0.052789, 0.225274,  3,   715.38306,  31, 4334260.500000, 3.000000, -2.168000, 0.013046
GIDVQQVSLVINYDLPTNR, Yes, 0.05334, 1.000000, 0.054791, 0.349495,  2,  1072.57092,  31, 1247414.375000, 3.000000, -9.675490, 0.020546


MeanRateConst/CorrCutOff, 0.482139, 0.900000


MedianRateConst/RMSSCutOff, 0.724670, 0.050000
StandDev/NumberPeptides, 0.342991, 2
TotalIonCurrent, 9.62143e+08
