Peptides, PeptideUnique, RateConstants, Correlations, RootMeanRSS, AbsoluteIsotopeError, Charge, m/z(Sequence), NEH, Abundance, NDP, Rsquared,sigma,CI lower band, CI upper band
SVSIQYLEAVR, Yes, 0.07802, 0.716843, 0.080835, 0.091886,  2,   632.84842,  23, 611618112.000000, 9.000000, 0.491861, 0.021170, 0.029205, 0.126842
AVGIPALGFSPMNR, Yes, 0.03023, 0.209255, 0.092166, 0.079207,  2,   715.38465,  28, 67180488.000000, 9.000000, -0.019496, 0.019026, 0.000000, 3.748286
AMNLTLEPEIFPAATDSR, Yes, 1.81974, 0.803143, 0.089797, 0.152397,  2,   988.49330,  38, 86507000.000000, 5.000000, -0.281137, 3.794495, 0.000000, 5.340973
IcTVQPNPDYGGAITFLEER, Yes, 0.27114, 0.978359, 0.014353, 0.012007,  2,  1140.55189,  38, 36357896.000000, 9.000000, 0.948376, 0.024504, 0.214635, 0.327646
VISSILAFR, Yes, 0.19970, 0.982998, 0.024462, 0.104700,  2,   503.30820,  16, 71604456.000000, 7.000000, 0.929847, 0.028668, 0.129556, 0.269852
IcTVQPNPDYGGAITFLEER, Yes, 0.30430, 0.925012, 0.037910, 0.135768,  3,   760.70369,  38, 13401848.000000, 5.000000, 0.268476, 0.147136, 0.000000, 2.172229
TIHMTFVPDEEVGGHK, Yes, 0.25007, 0.980912, 0.011916, 0.284220,  2,   898.93545,  26, 7706836.000000, 5.000000, 0.952867, 0.023611, 0.184519, 0.315627


MeanRateConst/CorrCutOff, 0.256304, 0.900000


MedianRateConst/RMSSCutOff, 0.271140, 0.050000
StandDev/NumberPeptides, 0.032040, 4
TotalIonCurrent, 3.35882e+10
